-2.266493
-0.251595
0.299194
0.030455
-1.492276
1.301181
0.066259
-0.229368
-1.965702
1.039024
0.383738
-1.361855
-0.292240
0.319218
0.077922
0.852176
-0.265920
-0.343981
0.154262
0.484260
-0.518105
-1.063662
1.064396
-0.681365
0.254376
-0.656701
0.334617
1.923426
0.971659
-0.445099
-0.339719
0.666053
0.153015
-0.095443
-0.694433
-2.669962
1.881738
0.097156
-0.809984
1.336378
1.239940
0.999435
2.588954
0.204119
1.127452
0.174601
-1.553091
0.479012
0.135796
0.581964
1.900658
0.916704
1.664109
-0.167977
-1.483789
-0.417830
-0.784895
0.242276
-0.577298
1.018221
0.085561
-0.271358
-0.197991
-1.792445
-0.799944
-0.000252
-0.673352
0.259273
-0.426295
0.105814
1.426559
0.225768
-0.342751
1.090024
-0.188677
1.394357
0.848827
-1.551459
0.541536
-1.214974
1.295148
1.680883
-0.565178
0.511551
-1.209793
1.673006
-0.788040
-0.553109
-0.553420
0.353287
-0.226878
-1.400439
-1.466391
-0.510523
0.834766
0.599836
-0.073300
-0.690637
0.314583
-0.926345
0.725528
-0.072835
0.396243
-1.980121
-0.395783
0.358301
0.673050
1.316706
2.987839
-0.316698
0.090762
0.273334
1.286017
-1.362355
1.042839
-0.092024
1.464726
1.303922
-0.273784
-0.271574
0.278678
0.737705
0.186802
0.493889
1.646522
-0.798078
-1.116411
0.857464
1.122727
-0.843383
-1.968141
-0.397457
-0.534582
-0.147702
1.064596
-0.186081
0.778230
-0.077768
0.946994
-0.837399
-0.686511
-0.494600
-1.832479
0.354003
-0.054571
-0.349191
-1.146755
-1.796301
-0.400425
-0.438997
1.050072
0.055968
-1.648701
-1.641958
0.080585
0.382916
0.285000
0.124986
-1.047213
-0.149061
-0.047513
0.509243
-0.222534
0.776716
-1.029472
0.923957
-1.442373
1.132154
0.234390
1.015154
-0.636077
-1.919073
0.855920
-0.159460
-0.321036
-1.223173
0.107738
-1.644064
0.810969
1.467436
-0.817954
0.103583
0.831277
0.775676
-0.837599
-3.389316
1.034055
0.539570
-2.192357
-0.742832
1.319411
-0.131822
-0.714563
0.603751
0.233163
-0.137139
-1.089008
-0.706735
-1.051523
0.714245
-0.805859
-0.751598
-1.235986
1.445008
0.150134
-1.198260
-0.435127
-0.208021
-0.458082
0.825088
-0.259202
-0.851110
1.448993
0.776406
1.352256
-2.100244
1.410036
0.125971
-1.248771
0.424057
1.709452
0.412588
1.350356
0.106017
1.071944
0.766184
0.535723
-0.298783
0.453132
-0.950341
-0.598392
-1.268430
0.906651
0.743902
0.363768
-1.508378
-0.775155
0.264116
-0.209261
-0.878036
-0.197566
0.895312
-1.221054
0.112305
-0.125975
1.224185
-1.220496
-0.687858
0.072204
-0.253069
-0.014292
-0.944890
0.379355
-0.974340
0.180027
0.984805
-0.541165
0.746222
-2.023262
-0.162444
1.871170
1.791661
0.362973
0.853967
-0.578210
0.954705
-0.654694
-1.552415
0.535426
0.468973
2.081446
0.796785
1.446692
0.282458
0.191095
2.765333
-0.072577
-1.844846
-1.028662
-0.707029
0.104188
0.283026
-1.201494
0.510885
0.182695
0.743453
-1.186572
-0.387083
0.153473
0.006306
0.936150
0.382065
-0.044449
0.539736
0.282826
1.205980
0.198220
-0.236937
0.005814
-0.467093
0.657804
0.746681
-0.337001
0.724750
0.101435
1.343180
-0.147623
0.481125
0.237681
-1.725162
-1.679210
-0.043380
-0.974290
0.535260
-0.748351
-1.006177
0.146423
-0.140526
0.459737
-0.863197
-1.495283
0.348755
-1.622894
-0.496487
-1.877600
0.001523
-0.618533
-1.267500
-0.346065
0.579443
1.397945
-2.074780
0.574773
2.110807
-0.953716
0.069957
1.840269
-0.811507
-0.413950
0.924921
0.314323
-0.178723
-1.020300
0.180635
-1.618537
-1.356186
-2.550403
-1.426199
-1.814043
-0.481133
-1.053489
0.560895
-0.294959
1.219179
-0.427877
-0.602648
-0.312347
-0.037109
-1.315063
-0.514575
0.114297
-0.586477
-0.766280
1.439726
0.876970
-0.421985
-0.561867
1.425955
0.881681
0.011705
1.801664
-2.477391
-1.940464
-0.503573
0.539402
-0.185720
0.047226
0.009590
-0.258236
0.027675
1.472348
-0.299511
1.876277
2.144941
1.097933
1.539416
-1.627703
0.150018
-0.343427
-1.457370
0.870820
1.869790
-1.413812
0.049775
-0.537220
0.241075
1.765344
-0.094001
0.283621
0.353782
-1.483788
0.229577
1.338445
-0.948241
0.565102
-0.546868
-0.880796
0.804711
1.854621
0.140459
0.740203
0.055449
1.518529
1.357847
0.570175
0.011727
-0.438589
-1.073261
-0.624092
0.764691
-0.100693
0.476583
-0.263658
0.194290
1.735213
0.769664
0.769140
-0.589381
0.637816
1.867147
0.280331
1.263906
-0.212213
-0.378091
0.176440
0.477782
0.102171
0.361991
0.650177
0.548964
-1.203947
-0.507754
0.860471
1.464471
0.453902
2.276987
0.270133
-2.219261
0.129833
0.154806
0.272829
-0.403895
1.137364
-1.176159
-0.009658
-0.696957
-0.791058
0.186366
1.715003
-0.559234
-0.837988
0.884827
1.009705
0.187226
0.027698
2.289160
0.996629
1.218799
-0.450078
0.014623
-0.288631
-1.338203
0.785523
0.773243
-0.201154
-0.611887
-0.760346
0.793138
-0.753520
0.528921
-1.038527
-0.314951
-0.164241
-1.175213
-1.360157
0.244961
0.715684
-0.225216
0.036312
-1.625270
-0.351259
-0.200698
-0.339112
-1.103373
0.809377
0.315362
0.663262
-0.501060
-0.808715
-0.656272
-0.424963
-1.061294
0.475862
0.359262
0.101403
0.302577
1.377705
0.081159
0.899148
0.365689
-0.960723
0.283256
-0.712889
0.332200
-0.444883
-1.057155
-0.608630
1.363909
-1.149881
0.972203
0.070161
1.220380
-0.772934
2.246004
-0.840034
-2.118576
-0.120448
-0.079571
0.902945
-1.113519
-1.351013
-0.131764
1.631554
0.547969
-0.683442
-1.104289
-1.001028
-0.196761
0.071165
-0.428305
-0.237035
0.020129
-0.443675
0.347084
1.687525
0.009866
0.419837
-0.371105
-1.214793
-0.234500
-1.454770
0.853402
-0.937058
0.351410
2.506978
-1.822909
-1.400603
0.210747
-0.943589
-1.978541
0.344534
0.368500
0.913521
0.415763
1.413260
-1.942307
0.896547
-0.205291
-1.072242
0.287145
-0.948591
0.540374
-0.434532
0.210820
0.757452
-1.197278
0.266328
0.142919
0.005582
0.456832
0.685724
-0.336975
-0.611815
1.381614
0.064781
1.080495
-0.567092
0.803306
-0.487348
-1.385290
0.484802
-2.026320
1.634963
0.443062
1.027208
0.031908
-0.611864
0.256358
-0.831978
-0.444020
-0.585670
0.029688
-0.406197
0.458883
1.316987
0.046731
0.021736
0.495425
-0.005887
-1.168684
-0.754409
0.469774
-0.029704
-0.156025
-0.318992
-1.055039
0.958840
-0.801963
0.765434
-0.151461
1.033341
-1.088939
-0.680114
-0.209790
0.159805
-1.219587
-0.794347
1.754953
-0.145886
0.287872
0.035674
-0.287913
-1.644877
0.892242
0.556790
-0.266302
0.751618
-1.651842
-1.725057
-1.072160
0.504964
-1.808368
-1.038162
0.864603
0.247671
1.115186
0.366022
-0.304705
0.254778
-0.455751
-0.355119
0.249589
0.859909
-0.258950
-0.421571
1.567991
1.224352
0.144445
-1.513300
1.999308
-2.387205
-0.047474
1.491999
0.179638
-1.274522
-0.571799
1.459076
-1.659155
0.379725
0.081030
0.006523
0.454892
0.610634
2.305266
-0.786934
-0.640373
0.665355
1.123986
1.186315
-0.962114
-0.377630
-0.537550
-0.796458
0.995635
0.782936
1.664827
0.316274
0.966259
1.103720
-0.991303
2.086026
0.368897
0.525731
1.186625
1.550494
-1.420740
1.590023
1.071568
1.750073
-0.613227
0.569751
2.504483
-0.441274
0.525894
-0.026548
0.822645
0.514900
-0.921564
0.612822
0.468257
0.751557
-0.977229
2.093369
1.295799
0.456574
0.678498
-2.864202
-0.476462
0.221376
1.446594
0.739459
-0.243977
1.405066
-1.263514
-0.674360
-0.115083
0.820842
-0.267462
1.116488
1.052249
0.171461
0.047211
-1.488391
-0.699285
-0.924710
1.560813
-0.707759
-0.127703
-0.378706
0.207487
0.383330
-1.244515
1.300709
-2.605802
-1.082733
-1.779582
0.266822
-0.448216
-0.119078
0.359113
0.667036
-0.712032
1.173065
-1.228479
0.551633
-0.158408
0.441759
-0.187985
-0.736767
0.043255
0.787846
-0.234051
1.172646
0.060473
0.050549
1.067223
-0.079712
1.244270
-0.300295
-0.136688
1.078683
0.074787
-2.872564
-1.261188
0.418720
-1.107985
0.498122
1.261193
-1.462158
2.924525
-1.172512
0.730238
-0.234259
-0.768316
0.994535
0.580837
0.325990
0.097646
-0.005935
0.327993
-0.754617
1.719743
-0.157492
2.026989
-3.149503
-0.703327
-0.415252
0.689657
-0.395737
-1.032475
0.828615
0.496308
-1.226437
-0.995614
-1.339253
-2.262612
-0.510576
-0.404758
-1.860976
1.826660
0.953668
0.109809
1.472941
0.521609
-0.610214
-0.864394
-0.145782
0.036043
0.631467
0.731460
0.967694
1.586726
1.073366
-0.357048
-0.643459
-1.938378
0.223589
1.104588
0.756161
-0.662613
0.123564
0.178707
0.175963
-0.335214
0.803592
-2.228813
-2.456846
-0.337520
-0.695083
-0.271326
-2.477463
0.213395
1.355667
2.037829
1.344156
-0.467390
0.980308
0.523446
2.884041
-0.390527
-0.192357
0.930061
0.288922
-0.246230
-0.005188
-0.480704
0.443758
-0.774268
0.277125
-0.196551
0.557585
0.033371
0.689994
0.794203
0.950964
0.923875
0.270037
0.474269
-0.146556
-0.658345
-0.620873
-0.244215
1.317507
0.658020
0.476678
-0.254303
2.332934
-1.459615
-1.266099
-0.177280
1.031925
1.221335
0.446789
0.064149
0.995194
0.687457
-0.826673
-1.063996
-0.176179
1.453125
1.468530
-0.085136
-1.465913
-0.555723
-0.759944
-0.081093
3.160685
-0.856079
-0.158420
-0.873530
1.397710
0.170401
-2.596822
-0.009055
0.616817
0.107572
-0.691179
-1.335468
2.371816
-0.568623
0.431442
0.946569
0.766134
-1.342237
0.512395
0.468148
-1.229048
0.327298
-1.668864
0.766203
-0.475776
0.577029
0.372489
-0.288654
0.233529
0.956176
0.823651
-0.449859
1.835222
-0.033402
0.144909
1.179652
0.845717
-1.392547
1.925659
1.165775
-0.905545
-1.623570
1.489816
0.551417
-1.309864
0.964992
0.323140
-0.116069
0.439504
0.537884
-1.086240
-0.702732
-1.634877
0.035989
-0.796543
0.150884
1.952459
0.207398
0.312351
-0.804938
0.104347
0.631587
-1.245244
0.113603
-1.343217
0.345758
-0.352914
0.339845
-0.513529
0.351594
0.296417
-3.236789
1.571332
-0.015942
-1.929728
-0.747242
-2.264473
-0.406741
0.049973
-0.937940
0.631164
0.354078
-0.197204
0.152232
-1.459497
1.503829
-1.552571
0.176813
-1.281447
-1.532637
0.156796
-1.133226
0.629898
-0.178278
0.516839
-0.523391
0.668935
1.647941
0.264350
0.062413
0.825221
-0.086785
0.053892
0.261474
