-7.266493
-5.251595
5.299194
-4.969545
-6.492276
6.301181
-4.933741
-5.229368
3.034298
6.039024
-4.616262
-6.361855
4.707760
-4.680782
5.077922
5.852176
4.734080
-5.343981
-4.845738
-4.515740
4.481895
3.936338
-3.935604
-5.681365
5.254376
4.343299
-4.665383
-3.076574
-4.028341
4.554901
4.660281
-4.333947
5.153015
-5.095443
4.305567
-7.669962
-3.118262
5.097156
4.190016
-3.663622
6.239940
5.999435
-2.411046
-4.795881
-3.872548
5.174601
-6.553091
5.479012
-4.864204
-4.418036
6.900658
-4.083296
-3.335891
4.832023
-6.483789
-5.417830
4.215105
5.242276
4.422702
6.018221
-4.914439
-5.271358
-5.197991
-6.792445
4.200056
-5.000252
-5.673352
5.259273
4.573705
5.105814
6.426559
5.225768
4.657249
-3.909976
4.811323
6.394357
5.848827
-6.551459
-4.458464
3.785026
6.295148
-3.319117
-5.565178
5.511551
-6.209793
-3.326994
-5.788040
-5.553109
4.446580
5.353287
4.773122
-6.400439
-6.466391
-5.510523
5.834766
5.599836
-5.073300
4.309363
5.314583
-5.926345
5.725528
4.927165
5.396243
-6.980121
4.604217
5.358301
-4.326950
6.316706
7.987839
-5.316698
5.090762
-4.726666
6.286017
3.637645
-3.957161
-5.092024
6.464726
-3.696078
-5.273784
4.728426
5.278678
-4.262295
-4.813198
5.493889
-3.353478
4.201922
3.883589
5.857464
6.122727
-5.843383
3.031859
-5.397457
-5.534582
-5.147702
6.064596
4.813919
-4.221770
4.922232
-4.053006
4.162601
-5.686511
-5.494600
3.167521
-4.645997
4.945429
-5.349191
3.853245
3.203699
-5.400425
4.561003
-3.949928
5.055968
-6.648701
3.358042
5.080585
5.382916
-4.715000
-4.875014
-6.047213
4.850939
4.952487
-4.490757
-5.222534
5.776716
-6.029472
-4.076043
3.557627
6.132154
-4.765610
-3.984846
-5.636077
3.080927
-4.144080
-5.159460
4.678964
3.776827
-4.892262
-6.644064
-4.189031
6.467436
-5.817954
5.103583
5.831277
-4.224324
-5.837599
-8.389316
6.034055
5.539570
2.807643
-5.742832
6.319411
4.868178
-5.714563
-4.396249
5.233163
4.862861
-6.089008
-5.706735
-6.051523
5.714245
4.194141
4.248402
-6.235986
-3.554992
5.150134
3.801740
4.564873
-5.208021
-5.458082
-4.174912
4.740798
-5.851110
-3.551007
-4.223594
6.352256
2.899756
6.410036
5.125971
3.751229
5.424057
-3.290548
-4.587412
-3.649644
-4.893983
-3.928056
5.766184
-4.464277
4.701217
-4.546868
-5.950341
-5.598392
3.731570
-4.093349
-4.256098
5.363768
3.491622
-5.775155
5.264116
-5.209261
4.121964
-5.197566
-4.104688
3.778946
5.112305
4.874025
6.224185
3.779504
-5.687858
5.072204
-5.253069
4.985708
4.055110
5.379355
-5.974340
5.180027
5.984805
4.458835
5.746222
2.976738
-5.162444
-3.128830
-3.208339
-4.637027
-4.146033
4.421790
-4.045295
-5.654694
-6.552415
-4.464574
5.468973
7.081446
-4.203215
6.446692
5.282458
-4.808905
-2.234667
-5.072577
3.155154
3.971338
4.292971
5.104188
-4.716974
-6.201494
-4.489115
5.182695
-4.256547
-6.186572
-5.387083
-4.846527
-4.993694
5.936150
-4.617935
-5.044449
5.539736
-4.717174
-3.794020
5.198220
4.763063
-4.994186
4.532907
-4.342196
5.746681
-5.337001
5.724750
-4.898565
6.343180
-5.147623
5.481125
-4.762319
3.274838
-6.679210
-5.043380
-5.974290
5.535260
4.251649
3.993823
-4.853577
-5.140526
-4.540263
-5.863197
-6.495283
5.348755
-6.622894
4.503513
3.122400
5.001523
-5.618533
-6.267500
4.653935
-4.420557
-3.602055
2.925220
-4.425227
7.110807
4.046284
-4.930043
-3.159731
4.188493
-5.413950
5.924921
5.314323
4.821277
3.979700
5.180635
-6.618537
3.643814
2.449597
-6.426199
3.185957
4.518867
3.946511
-4.439105
4.705041
-3.780821
-5.427877
-5.602648
-5.312347
-5.037109
3.684937
4.485425
5.114297
-5.586477
-5.766280
6.439726
5.876970
-5.421985
-5.561867
-3.574045
5.881681
-4.988295
6.801664
-7.477391
3.059536
4.496427
-4.460598
4.814280
-4.952774
5.009590
-5.258236
5.027675
6.472348
-5.299511
-3.123723
7.144941
-3.902067
-3.460584
3.372297
-4.849982
-5.343427
3.542630
5.870820
6.869790
-6.413812
-4.950225
4.462780
-4.758925
-3.234656
4.905999
-4.716379
-4.646218
3.516212
-4.770423
6.338445
-5.948241
5.565102
4.453132
-5.880796
-4.195289
6.854621
5.140459
-4.259797
-4.944551
6.518529
-3.642153
5.570175
5.011727
-5.438589
3.926739
-5.624092
5.764691
4.899307
-4.523417
-5.263658
-4.805710
-3.264787
5.769664
-4.230860
4.410619
5.637816
6.867147
-4.719669
-3.736094
-5.212213
4.621909
-4.823560
5.477782
5.102171
5.361991
-4.349823
-4.451036
-6.203947
-5.507754
5.860471
-3.535529
-4.546098
7.276987
-4.729867
-7.219261
5.129833
-4.845194
-4.727171
4.596105
-3.862636
-6.176159
4.990342
4.303043
-5.791058
-4.813634
6.715003
4.440766
4.162012
5.884827
-3.990295
5.187226
5.027698
-2.710840
5.996629
-3.781201
-5.450078
-4.985377
4.711369
-6.338203
-4.214477
5.773243
-5.201154
-5.611887
-5.760346
-4.206862
4.246480
-4.471079
3.961473
4.685049
4.835759
3.824787
-6.360157
5.244961
5.715684
4.774784
5.036312
-6.625270
4.648741
4.799302
-5.339112
3.896627
5.809377
5.315362
-4.336738
4.498940
4.191285
-5.656272
4.575037
-6.061294
5.475862
5.359262
5.101403
5.302577
-3.622295
-4.918841
-4.100852
-4.634311
4.039277
5.283256
4.287111
-4.667800
4.555117
-6.057155
-5.608630
6.363909
3.850119
-4.027797
5.070161
6.220380
4.227066
7.246004
-5.840034
-7.118576
-5.120448
-5.079571
-4.097055
-6.113519
-6.351013
4.868236
6.631554
-4.452031
4.316558
-6.104289
3.998972
4.803239
5.071165
-5.428305
4.762965
-4.979871
-5.443675
5.347084
6.687525
5.009866
5.419837
4.628895
3.785207
4.765500
3.545230
-4.146598
-5.937058
5.351410
-2.493022
3.177091
-6.400603
5.210747
4.056411
-6.978541
5.344534
-4.631500
5.913521
-4.584237
-3.586740
-6.942307
5.896547
-5.205291
3.927758
-4.712855
4.051409
5.540374
4.565468
5.210820
5.757452
-6.197278
5.266328
5.142919
-4.994418
-4.543168
-4.314276
4.663025
4.388185
6.381614
-4.935219
6.080495
-5.567092
5.803306
-5.487348
-6.385290
5.484802
-7.026320
6.634963
-4.556938
6.027208
-4.968092
4.388136
-4.743642
-5.831978
4.555980
4.414330
5.029688
-5.406197
-4.541117
6.316987
5.046731
5.021736
-4.504575
4.994113
3.831316
-5.754409
5.469774
-5.029704
4.843975
4.681008
3.944961
5.958840
-5.801963
-4.234566
-5.151461
-3.966659
-6.088939
4.319886
-5.209790
-4.840195
-6.219587
-5.794347
6.754953
-5.145886
-4.712128
5.035674
-5.287913
-6.644877
5.892242
-4.443210
4.733698
5.751618
3.348158
-6.725057
-6.072160
5.504964
3.191632
-6.038162
-4.135397
-4.752329
-3.884814
5.366022
-5.304705
-4.745222
-5.455751
-5.355119
5.249589
-4.140091
4.741050
4.578429
6.567991
-3.775648
5.144445
3.486700
-3.000692
-7.387205
-5.047474
6.491999
5.179638
-6.274522
4.428201
-3.540924
-6.659155
5.379725
5.081030
-4.993477
-4.545108
-4.389366
7.305266
4.213066
-5.640373
5.665355
-3.876014
6.186315
-5.962114
4.622370
-5.537550
4.203542
-4.004365
-4.217064
6.664827
-4.683726
-4.033741
-3.896280
4.008697
7.086026
5.368897
-4.474269
-3.813375
-3.449506
-6.420740
-3.409977
6.071568
-3.249927
-5.613227
-4.430249
7.504483
4.558726
-4.474106
-5.026548
-4.177355
5.514900
-5.921564
5.612822
-4.531743
5.751557
-5.977229
-2.906631
-3.704201
5.456574
-4.321502
2.135798
-5.476462
5.221376
-3.553406
5.739459
-5.243977
6.405066
-6.263514
-5.674360
-5.115083
-4.179158
4.732538
6.116488
6.052249
5.171461
5.047211
-6.488391
-5.699285
4.075290
6.560813
-5.707759
-5.127703
-5.378706
5.207487
5.383330
3.755485
-3.699291
2.394198
-6.082733
-6.779582
-4.733178
4.551784
-5.119078
-4.640887
-4.332964
4.287968
-3.826935
-6.228479
-4.448367
4.841592
-4.558241
-5.187985
-5.736767
5.043255
5.787846
4.765949
6.172646
-4.939527
-4.949451
-3.932777
-5.079712
-3.755730
4.699705
-5.136688
-3.921317
-4.925213
-7.872564
-6.261188
-4.581280
-6.107985
-4.501878
6.261193
-6.462158
-2.075475
3.827488
-4.269762
-5.234259
-5.768316
5.994535
-4.419163
-4.674010
5.097646
4.994065
-4.672007
4.245383
6.719743
-5.157492
-2.973011
-8.149503
4.296673
4.584748
-4.310343
4.604263
-6.032475
5.828615
5.496308
3.773563
4.004386
-6.339253
2.737388
4.489424
4.595242
3.139024
6.826660
5.953668
-4.890191
-3.527059
-4.478391
4.389786
-5.864394
4.854218
5.036043
5.631467
5.731460
-4.032306
6.586726
-3.926634
4.642952
-5.643459
-6.938378
-4.776411
6.104588
5.756161
4.337387
-4.876436
-4.821293
5.175963
-5.335214
5.803592
2.771187
-7.456846
4.662480
4.304917
4.728674
-7.477463
5.213395
-3.644333
7.037829
6.344156
-5.467390
5.980308
5.523446
7.884041
4.609473
-5.192357
5.930061
5.288922
4.753770
4.994812
4.519296
-4.556242
4.225732
5.277125
4.803449
5.557585
-4.966629
-4.310006
-4.205797
-4.049036
5.923875
-4.729963
-4.525731
-5.146556
4.341655
-5.620873
4.755785
-3.682493
5.658020
5.476678
-5.254303
7.332934
3.540385
-6.266099
-5.177280
-3.968075
6.221335
-4.553211
-4.935851
5.995194
5.687457
4.173327
3.936004
4.823821
-3.546875
6.468530
-5.085136
3.534087
-5.555723
4.240056
4.918907
8.160685
-5.856079
-5.158420
-5.873530
-3.602290
-4.829599
2.403178
4.990945
5.616817
5.107572
4.308821
3.664532
-2.628184
-5.568623
5.431442
5.946569
5.766134
-6.342237
5.512395
5.468148
-6.229048
-4.672702
3.331136
5.766203
4.524224
-4.422971
5.372489
-5.288654
5.233529
5.956176
-4.176349
-5.449859
6.835222
4.966598
-4.855091
6.179652
-4.154283
-6.392547
-3.074341
6.165775
-5.905545
-6.623570
6.489816
-4.448583
3.690136
-4.035008
5.323140
4.883931
-4.560496
-4.462116
-6.086240
-5.702732
3.365123
5.035989
-5.796543
-4.849116
-3.047541
-4.792602
5.312351
4.195062
5.104347
-4.368413
-6.245244
5.113603
3.656783
5.345758
-5.352914
5.339845
4.486471
5.351594
5.296417
-8.236789
-3.428668
-5.015942
-6.929728
-5.747242
2.735527
4.593259
5.049973
-5.937940
-4.368836
5.354078
4.802796
5.152232
-6.459497
6.503829
-6.552571
5.176813
3.718553
-6.532637
-4.843204
-6.133226
-4.370102
-5.178278
5.516839
-5.523391
5.668935
-3.352059
5.264350
5.062413
-4.174779
-5.086785
5.053892
5.261474
